Array
101 502 503 504 505 506 507 508 509 510 511 512 513 514 515 516 517 518 5519 3420 3421 3422 3423 3424 3425 3426 3427 5528 1629 1630 1531 1532 1533 1534 135 
 101 502 503 504 505 506 507 508 509 510 511 512 513 514 1015 616 617 618 619 620 621 622 623 1824 1825 1826 1227 1828 3929 3930 831 2932 2933 2934 135 
 101 502 503 904 905 3806 1807 2608 3009 2310 2411 2412 2413 2414 2415 2416 2417 2418 2419 2420 2421 5122 5123 5324 2025 426 427 428 429 430 431 432 433 434 135 
 101 602 603 604 605 606 1607 1108 2409 2410 2411 2412 2413 2414 2415 2416 2417 2418 2419 2420 2421 2422 2423 2424 2425 2426 1327 1328 4029 2730 2731 532 533 534 135 
 101 802 3903 4504 4505 4506 1207 408 409 410 411 412 413 414 415 416 417 418 419 420 421 422 423 424 425 426 427 428 429 430 431 432 433 434 135 
 101 2002 2003 4204 4405 4406 4407 4408 5309 5910 5911 5912 5913 5914 5915 5916 5917 3318 419 420 421 5822 5823 5824 5825 2126 2127 2128 2129 2130 2131 2132 2133 2134 135 
 101 2002 2203 2704 2705 2706 2707 2708 2709 2710 2711 2712 2713 2714 2715 2716 2717 2718 2719 2720 2721 2722 2723 824 825 826 4627 1228 1229 1230 1831 2732 2733 2734 135 
 101 2002 4603 4004 4005 4006 2307 2208 5009 0 3411 3412 5213 2514 315 316 317 318 4019 0 621 622 623 4624 2225 3026 5327 828 1929 1930 1931 1932 933 1834 135 
 101 2002 4603 4604 5005 1006 1007 1008 5209 3310 3011 4612 1913 3814 3815 3816 3817 3818 3819 3820 1621 922 923 924 925 426 4127 4128 4129 4130 4131 4132 1033 1534 135 
 101 2402 2403 2404 2405 2406 2407 2408 2409 2410 2411 2412 2413 2414 2415 2416 2417 2418 2419 2420 2421 2422 2423 2424 2425 2426 2427 2428 2629 2530 2431 2432 2433 2434 135 
 101 2702 2703 2204 2205 2206 2207 1608 1609 1610 1511 1512 1513 1514 3715 2816 2817 2818 2819 2820 2821 2822 1823 1224 525 526 527 528 529 530 531 532 533 534 135 
 101 2802 2803 2804 2805 1706 1707 1308 1109 1610 5011 0 2013 2014 2015 2016 2017 2018 2019 220 221 3022 0 1624 0 2026 2327 2228 2229 2230 2231 2232 2233 2234 135 
 101 2802 2803 2804 2805 2806 2807 608 3809 3810 1811 2012 2013 2014 2015 2016 2017 2018 2019 220 2921 2922 2923 2924 2925 2926 2927 1428 1629 1630 1631 1632 1633 1634 135 
 101 2802 2803 2804 2805 2806 2807 2808 2809 2510 2511 2512 2513 2514 2515 2516 2517 2518 2519 2520 2521 2522 2523 2524 2525 2526 2527 2528 2529 2530 2531 2532 2533 2534 135 
 101 2902 2903 2204 2405 2406 2407 2408 2409 2410 2411 2412 2413 2414 2415 2416 2417 2418 2419 2420 2421 2422 2423 2424 2425 2426 3127 3128 3129 3030 531 532 533 534 135 
 101 3202 3203 3204 3205 4806 807 1408 1409 1410 1411 912 4913 4914 4915 4916 4417 4418 5919 1720 1721 1722 1723 4324 1625 1626 1227 1828 3929 3930 3931 3932 1133 1034 135 
 101 3202 3203 3204 3205 4806 0 3708 3709 3710 3711 3712 2213 2214 2215 2216 2217 2218 4019 2020 1421 1422 1423 1424 1125 5826 5827 5828 5829 5830 5831 5832 5833 5834 135 
 101 3202 3203 3204 3205 5806 5707 5708 5709 5710 3911 3912 3913 3914 3915 3916 3917 3918 3919 3920 3921 1922 423 424 1725 1726 1727 1728 729 730 731 1332 4433 5334 135 
 101 3202 3203 3204 3405 3406 3407 5208 1109 4010 4011 3012 3013 3014 1315 1316 4717 1218 1219 0 4221 622 1623 2924 2925 2926 2927 2928 2929 2930 2931 2932 2933 2934 135 
 101 3302 3303 5604 6005 6006 1607 1808 1809 1810 811 1012 1013 1014 3115 1616 1617 1618 4019 2020 2021 2622 723 724 725 1326 5227 5228 229 4030 231 1732 1233 1234 135 
 101 3402 3403 3404 3405 3406 3407 5208 2409 2410 2411 2412 2413 2414 2415 2416 2417 2418 2419 2420 2421 2622 723 724 725 1326 4427 0 1429 1430 1431 1432 1433 1434 135 
 101 3402 3403 5204 5405 5406 5407 5408 5409 0 4411 4412 4413 3514 3515 3516 3517 3518 3519 3520 3521 3522 3523 3524 3525 3526 3527 3528 3529 3530 3531 3532 3533 3534 135 
 101 3802 3803 3804 3805 3806 4707 4708 5109 0 4311 4312 4313 4314 1715 5716 5717 5718 5719 5720 5721 5722 5723 5324 2725 2726 2727 2728 2729 2730 2731 2732 2733 2734 135 
 101 4502 1203 404 405 406 407 408 409 410 411 412 413 414 1415 1416 1417 1418 1419 1420 4221 1022 1023 2324 325 1026 1627 1728 3729 1530 1431 1432 1433 1434 135 
 101 4502 1203 3604 4005 4006 2607 2808 2809 2810 2811 3012 3013 3014 2215 2216 2217 2218 4019 4020 4021 222 2823 2824 2825 2826 2827 2828 2829 2830 2831 2832 2833 2834 135 
 101 5002 5003 2604 3005 3006 3007 5208 2609 3010 3011 4612 3613 4514 3415 3416 3417 3418 3419 3420 3421 3422 3423 3424 5425 926 927 1428 2629 2630 2531 2532 2533 2534 135 
 101 6002 2303 2504 4705 4706 1307 1408 1409 1410 1411 912 4813 3014 3315 3316 4617 1318 6019 2120 2221 2222 2223 2224 2025 1126 5127 5128 3729 2430 2431 2432 2433 2434 135 
 90 91 92 92 92 92 92 92 92 92 92 92 92 92 92 92 92 92 93 96 92 92 92 92 92 92 92 96 93 92 93 92 92 92 94 
 90 91 92 92 92 92 92 92 92 92 92 92 92 92 93 96 92 92 92 92 92 92 92 93 92 92 96 93 96 92 96 93 92 92 94 
 90 91 92 93 92 96 96 93 96 96 93 92 92 92 92 92 92 92 92 92 92 93 92 96 96 93 92 92 92 92 92 92 92 92 94 
 90 91 92 92 92 92 96 96 93 92 92 92 92 92 92 92 92 92 92 92 92 92 92 92 92 92 93 92 96 93 92 93 92 92 94 
 90 91 96 93 92 92 96 93 92 92 92 92 92 92 92 92 92 92 92 92 92 92 92 92 92 92 92 92 92 92 92 92 92 92 94 
 90 91 92 96 93 92 92 92 96 93 92 92 92 92 92 92 92 96 93 92 92 93 92 92 92 93 92 92 92 92 92 92 92 92 94 
 90 91 96 93 92 92 92 92 92 92 92 92 92 92 92 92 92 92 92 92 92 92 92 93 92 92 96 93 92 92 96 93 92 92 94 
 90 91 96 93 92 92 96 93 96 0 93 92 96 93 93 92 92 92 96 0 93 92 92 96 93 96 96 93 96 92 92 92 96 93 94 
 90 91 96 92 93 96 92 92 96 93 96 96 93 96 92 92 92 92 92 92 96 93 92 92 92 93 93 92 92 92 92 92 96 93 94 
 90 91 92 92 92 92 92 92 92 92 92 92 92 92 92 92 92 92 92 92 92 92 92 92 92 92 92 92 93 93 93 92 92 92 94 
 90 91 92 93 92 92 92 93 92 92 93 92 92 92 96 93 92 92 92 92 92 92 0 96 93 92 92 92 92 92 92 92 92 92 94 
 90 91 92 92 92 93 92 96 93 96 96 0 93 92 92 92 92 92 92 96 92 96 0 93 0 93 96 93 92 92 92 92 92 92 94 
 90 91 92 92 92 92 92 93 96 92 96 93 92 92 92 92 92 92 92 96 93 92 92 92 92 92 92 93 93 92 92 92 92 92 94 
 90 91 92 92 92 92 92 92 92 93 92 92 92 92 92 92 92 92 92 92 92 92 92 92 92 92 92 92 92 92 92 92 92 92 94 
 90 91 92 93 93 92 92 92 92 92 92 92 92 92 92 92 92 92 92 92 92 92 92 92 92 92 93 92 92 96 93 92 92 92 94 
 90 91 92 92 92 96 96 93 92 92 92 96 93 92 92 92 96 92 96 93 92 92 92 96 93 92 96 93 96 92 92 92 93 96 94 
 90 91 92 92 92 96 0 93 92 92 92 92 93 92 92 92 92 92 96 96 93 92 92 92 96 93 92 92 92 92 92 92 92 92 94 
 90 91 92 92 92 96 93 92 92 92 93 92 92 92 92 92 92 92 92 92 92 96 93 92 93 92 92 92 96 92 92 96 93 96 94 
 90 91 92 92 93 92 92 96 93 96 92 93 92 92 96 92 96 93 92 0 93 96 96 93 92 92 92 92 92 92 92 92 92 92 94 
 90 91 92 96 93 92 96 93 92 92 96 93 92 92 96 93 92 92 96 96 92 96 93 92 92 96 93 92 93 96 96 93 93 92 94 
 90 91 92 92 92 92 92 96 93 92 92 92 92 92 92 92 92 92 92 92 92 93 93 92 92 96 96 0 93 92 92 92 92 92 94 
 90 91 92 96 93 92 92 92 92 0 93 92 92 93 92 92 92 92 92 92 92 92 92 92 92 92 92 92 92 92 92 92 92 92 94 
 90 91 92 92 92 92 93 92 0 0 93 92 92 92 96 93 92 92 92 92 92 92 92 96 93 92 92 92 92 92 92 92 92 92 94 
 90 91 96 93 92 92 92 92 92 92 92 92 92 92 93 92 92 92 92 92 96 96 92 96 93 96 96 93 96 96 93 92 92 92 94 
 90 91 96 96 93 92 96 93 92 92 92 93 92 92 96 92 92 92 96 92 92 96 93 92 92 92 92 92 92 92 92 92 92 92 94 
 90 91 92 96 93 92 92 96 93 96 92 96 96 93 96 92 92 92 92 92 92 92 92 92 96 93 92 96 93 92 0 92 92 92 94 
 90 91 96 93 0 92 96 93 92 92 92 96 96 93 96 92 96 93 96 96 93 92 92 92 96 96 93 92 96 93 92 92 92 92 94 
 Z Array
0 0 0 0 1 0 0 0 1 0 0 0 0 0 0 0 0 0 0 0 0 0 1 0 0 0 0 0 0 0 1 0 0 0 0 
 0 0 0 0 0 0 0 0 0 0 0 0 0 0 0 0 0 0 0 0 0 0 0 0 0 0 0 0 0 0 0 0 0 0 0 
 0 0 0 0 0 0 0 0 0 0 0 0 0 0 0 0 0 0 0 0 0 0 0 0 0 0 0 0 0 0 0 0 0 0 0 
 Z total Array
101 2502 2503 2504 4705 4706 4707 4708 5109 2610 2611 2012 4013 4014 4015 4016 4017 4018 4019 0 621 2822 1823 1824 1825 1826 2927 2928 2629 2630 2531 2732 2733 2734 135 
 101 102 103 104 105 106 107 108 109 110 111 112 113 114 115 116 117 118 119 120 121 122 123 124 125 126 127 128 129 130 131 132 133 134 135 
 101 102 103 104 105 106 107 108 109 110 111 112 113 114 115 116 117 118 119 120 121 122 123 124 125 126 127 128 129 130 131 132 133 134 135 
 90 91 92 92 93 92 92 92 93 93 92 93 93 92 92 92 92 92 92 0 93 93 93 92 92 92 93 92 93 92 93 93 92 92 94 
 90 91 92 92 92 92 92 92 92 92 92 92 92 92 92 92 92 92 92 92 92 92 92 92 92 92 92 92 92 92 92 92 92 92 94 
 90 91 92 92 92 92 92 92 92 92 92 92 92 92 92 92 92 92 92 92 92 92 92 92 92 92 92 92 92 92 92 92 92 92 94 
 0 0 0 0 1 0 0 0 1 0 0 0 0 0 0 0 0 0 0 0 0 0 1 0 0 0 0 0 0 0 1 0 0 0 0 
 0 0 0 0 0 0 0 0 0 0 0 0 0 0 0 0 0 0 0 0 0 0 0 0 0 0 0 0 0 0 0 0 0 0 0 
 0 0 0 0 0 0 0 0 0 0 0 0 0 0 0 0 0 0 0 0 0 0 0 0 0 0 0 0 0 0 0 0 0 0 0 
 Array
101 1902 703 704 705 706 707 1308 5009 2610 0 2012 4013 0 3215 3216 3217 3018 719 720 721 1322 0 5024 625 0 1127 1128 1129 3030 231 2532 2533 2534 135 
 101 2902 2903 2904 2905 2906 2907 2908 2209 2210 6011 1012 1013 1014 1015 1116 4417 0 1419 1420 4221 2822 1823 3824 1025 3226 4927 2928 2629 2630 2531 2732 1333 1334 135 
 101 3802 3803 3804 1805 2706 2707 2708 2709 2410 2611 2612 4013 0 3215 3216 4817 1118 4019 4020 4021 322 523 524 1925 1926 3927 2228 2229 3030 231 1432 1233 1234 135 
 90 91 93 92 92 92 92 96 96 96 0 93 0 0 93 92 92 96 93 92 92 96 0 93 96 0 93 92 92 96 96 93 92 92 94 
 90 91 92 92 92 92 92 92 93 92 96 93 92 92 92 96 96 0 93 92 96 93 0 96 93 96 96 93 0 92 93 0 93 92 94 
 90 91 92 92 96 93 92 92 92 93 93 92 96 0 93 92 96 93 96 92 92 96 93 92 93 92 96 93 92 96 96 93 96 92 94 
 Z Array
0 0 0 0 0 0 0 0 0 0 0 0 1 0 0 0 0 0 0 0 0 0 1 0 0 0 0 0 1 0 0 1 0 0 0 
 0 0 0 0 0 0 0 0 0 0 0 0 0 0 0 0 0 0 0 0 0 0 0 0 0 0 0 0 0 0 0 0 0 0 0 
 0 0 0 0 0 0 0 0 0 0 0 0 0 0 0 0 0 0 0 0 0 0 0 0 0 0 0 0 0 0 0 0 0 0 0 
 Z total Array
101 2502 2503 2504 4705 4706 4707 4708 5109 2610 2611 2012 4013 4014 4015 4016 4017 4018 4019 0 621 2822 1823 1824 1825 1826 2927 2928 2629 2630 2531 2732 2733 2734 135 
 101 102 103 104 105 106 107 108 109 110 111 112 113 114 115 116 117 118 119 120 121 122 123 124 125 126 127 128 129 130 131 132 133 134 135 
 101 102 103 104 105 106 107 108 109 110 111 112 113 114 115 116 117 118 119 120 121 122 123 124 125 126 127 128 129 130 131 132 133 134 135 
 90 91 92 92 93 92 92 92 93 93 92 93 93 92 92 92 92 92 92 0 93 93 93 92 92 92 93 92 93 92 93 93 92 92 94 
 90 91 92 92 92 92 92 92 92 92 92 92 92 92 92 92 92 92 92 92 92 92 92 92 92 92 92 92 92 92 92 92 92 92 94 
 90 91 92 92 92 92 92 92 92 92 92 92 92 92 92 92 92 92 92 92 92 92 92 92 92 92 92 92 92 92 92 92 92 92 94 
 0 0 0 0 1 0 0 0 1 0 0 0 1 0 0 0 0 0 0 0 0 0 2 0 0 0 0 0 1 0 1 1 0 0 0 
 0 0 0 0 0 0 0 0 0 0 0 0 0 0 0 0 0 0 0 0 0 0 0 0 0 0 0 0 0 0 0 0 0 0 0 
 0 0 0 0 0 0 0 0 0 0 0 0 0 0 0 0 0 0 0 0 0 0 0 0 0 0 0 0 0 0 0 0 0 0 0 
 